[default]
latitude  = 31.21639831
longitude = 121.30073547
elevation = 100.0
